0: [(2, 0.5681512380571434)]
1: [(2, 0.5681512380571434)]
2: [(2, 0.5681512380571434)]
3: [(2, 0.17779907784464236), (4, 0.2160576719026057), (5, 0.17552018333414365), (6, 0.23812871533705132), (7, 0.2288099588329603), (8, 0.18950390298872768), (9, 0.2160576719026057), (10, 0.2288099588329603), (12, 0.17779907784464238), (14, 0.2160576719026057), (15, 0.20534926257409275), (16, 0.17168678579264215), (17, 0.2986603273021042), (19, 0.23812871533705132), (20, 0.251380396880786), (21, 0.3670120018402263), (24, 0.2986603273021042), (25, 0.17779907784464238), (37, 0.15308566305423546)]
4: [(3, 0.4472135954999579)]
5: [(3, 0.4472135954999579)]
6: [(3, 0.4472135954999579)]
7: [(3, 0.4472135954999579)]
8: [(3, 0.4472135954999579)]
9: [(4, 0.6904053455804156)]
10: [(4, 0.6904053455804156)]
11: [(5, 0.44486752001427554), (6, 0.6035529876043145), (37, 0.38800574372138774)]
12: [(5, 0.3770109434157498), (15, 0.4410827161990951), (16, 0.3687769455007764), (20, 0.5399559115308574), (37, 0.32882241321289524)]
13: [(5, 0.56086910390191)]
14: [(5, 0.56086910390191)]
15: [(6, 0.7609326554208538)]
16: [(7, 0.7311548685552852)]
17: [(7, 0.6426963209220685), (10, 0.6426963209220685)]
18: [(8, 0.60555363056373)]
19: [(8, 0.60555363056373)]
20: [(8, 0.48031018287582655), (19, 0.6035529876043145), (21, 0.9302162063226106)]
21: [(9, 0.6904053455804156)]
22: [(9, 0.6904053455804156)]
23: [(10, 0.7311548685552852)]
24: [(12, 0.5681512380571435)]
25: [(12, 0.5681512380571435)]
26: [(12, 0.5681512380571435)]
27: [(14, 0.6904053455804156)]
28: [(14, 0.6904053455804156)]
29: [(15, 0.5767983886434658), (16, 0.4822450305164403)]
30: [(15, 0.656186967783578)]
31: [(16, 0.5486196052792437)]
32: [(16, 0.5486196052792437)]
33: [(17, 0.9543594757196053)]
34: [(19, 0.7609326554208538)]
35: [(20, 0.8032779778301775)]
36: [(24, 0.9543594757196053)]
37: [(25, 0.5681512380571435)]
38: [(25, 0.5681512380571435)]
39: [(25, 0.5681512380571435)]
40: [(37, 0.48918031548544066)]
41: [(37, 0.48918031548544066)]
42: [(37, 0.48918031548544066)]
